-7.075066841109385329e+00
-1.921114566662533463e+01
2.066732264617001036e+01
2.138672966983042656e+00
-1.859640653669883514e+00
-4.674783106636192009e+00
2.019977123473216452e+01
4.945291464906605761e+00
-8.311323464680656414e+00
8.144985522919759191e+00
9.497015785165787705e+00
-8.918642723581740483e+00
4.798112208552715252e+00
-3.659443187109807649e+00
1.632713846880821507e+01
2.661866297704085671e+00
-5.784847161839872243e+00
4.547682143475165972e+00
4.081891905163272050e+00
7.710998984376573162e+00
-1.139492721407060394e+01
2.180797269218354373e+00
-9.469669394393060990e-01
2.056545144621708232e+00
1.724514302570985436e+01
-1.212209350674731212e+01
6.688997987962034486e+00
-2.412520401743920129e+00
1.485095976778819171e+01
-3.618351028256708624e+00
1.385146881780965344e+01
-1.958352434135730036e+01
8.752599480384061437e+00
1.993528523920655049e+00
-4.738298004169447353e+00
5.708446670077772289e+00
-2.683610280506239398e+00
6.675660780793487348e+00
1.054553020341428393e+01
-8.415363182119987018e-01
1.316970219116991281e+01
1.782892805712415907e+01
-6.400960799600509787e+00
-6.572733383421572206e+00
-2.312905961589451498e-01
-3.147643379754959447e+00
-1.053050751578563649e+01
5.232812716342767345e+00
-1.406754677845148649e+01
9.940859453347454799e-01
2.872014870775657092e-01
-1.394876010690064660e+01
5.533778850557429241e-01
-6.145730972984989826e+00
-2.507841943838383614e+01
8.358299095594521333e+00
-6.443728026595931802e+00
3.159122261693541933e+00
-1.488763568290225825e+00
1.700613030737291353e+01
-5.906218980741775176e-02
-6.275390706274011521e+00
6.135441758640989285e+00
2.728939497408966464e+00
1.197872365418134466e+00
7.823952424106355608e+00
3.359676709886550316e+00
-1.102986673469044909e+01
-8.038005991658041083e+00
1.669728885600404311e+01
1.882303197634681124e+00
-7.235046522713436623e+00
-1.183472613552233277e+01
-4.448987454779997464e+00
8.200848785422380161e+00
-5.826381277462220787e+00
-1.197787155616104293e+01
-7.780740242155866682e+00
-6.313577254295826613e+00
-1.918911633968740871e+00
